OPEN_WEATHER_API_KEY=657a66ced3e28de4e9a2b5c9d6bde28a
CURRENT_LOCATION=-1.195235, 36.931880